2021/07/23-13:42:20.859829 7ff2103f0cc0 RocksDB version: 6.12.7
2021/07/23-13:42:20.860367 7ff2103f0cc0 Git sha rocksdb_build_git_sha:@f3e33549c151f30ac4eb7c22356c6d0331f37652@
2021/07/23-13:42:20.860374 7ff2103f0cc0 Compile date May 27 2021
2021/07/23-13:42:20.860430 7ff2103f0cc0 DB SUMMARY
2021/07/23-13:42:20.860432 7ff2103f0cc0 DB Session ID:  VQ9NWUDB5IDUQZG08U2O
2021/07/23-13:42:20.862363 7ff2103f0cc0 CURRENT file:  CURRENT
2021/07/23-13:42:20.862370 7ff2103f0cc0 IDENTITY file:  IDENTITY
2021/07/23-13:42:20.862985 7ff2103f0cc0 MANIFEST file:  MANIFEST-000044 size: 1459 Bytes
2021/07/23-13:42:20.863174 7ff2103f0cc0 SST files in /var/lib/memgraph/telemetry dir, Total Num: 9, files: 000004.sst 000007.sst 000010.sst 000013.sst 000019.sst 000025.sst 000031.sst 000037.sst 000043.sst 
2021/07/23-13:42:20.863180 7ff2103f0cc0 Write Ahead Log file in /var/lib/memgraph/telemetry: 000045.log size: 2283 ; 
2021/07/23-13:42:20.863182 7ff2103f0cc0                         Options.error_if_exists: 0
2021/07/23-13:42:20.863183 7ff2103f0cc0                       Options.create_if_missing: 1
2021/07/23-13:42:20.863460 7ff2103f0cc0                         Options.paranoid_checks: 1
2021/07/23-13:42:20.863465 7ff2103f0cc0                                     Options.env: 0xdc80b8
2021/07/23-13:42:20.863466 7ff2103f0cc0                                      Options.fs: Posix File System
2021/07/23-13:42:20.863467 7ff2103f0cc0                                Options.info_log: 0x7ff20f625590
2021/07/23-13:42:20.863468 7ff2103f0cc0                Options.max_file_opening_threads: 16
2021/07/23-13:42:20.863469 7ff2103f0cc0                              Options.statistics: (nil)
2021/07/23-13:42:20.863623 7ff2103f0cc0                               Options.use_fsync: 0
2021/07/23-13:42:20.863628 7ff2103f0cc0                       Options.max_log_file_size: 0
2021/07/23-13:42:20.863630 7ff2103f0cc0                  Options.max_manifest_file_size: 1073741824
2021/07/23-13:42:20.863630 7ff2103f0cc0                   Options.log_file_time_to_roll: 0
2021/07/23-13:42:20.863631 7ff2103f0cc0                       Options.keep_log_file_num: 1000
2021/07/23-13:42:20.863783 7ff2103f0cc0                    Options.recycle_log_file_num: 0
2021/07/23-13:42:20.863787 7ff2103f0cc0                         Options.allow_fallocate: 1
2021/07/23-13:42:20.863788 7ff2103f0cc0                        Options.allow_mmap_reads: 0
2021/07/23-13:42:20.863789 7ff2103f0cc0                       Options.allow_mmap_writes: 0
2021/07/23-13:42:20.863790 7ff2103f0cc0                        Options.use_direct_reads: 0
2021/07/23-13:42:20.863791 7ff2103f0cc0                        Options.use_direct_io_for_flush_and_compaction: 0
2021/07/23-13:42:20.863935 7ff2103f0cc0          Options.create_missing_column_families: 0
2021/07/23-13:42:20.863939 7ff2103f0cc0                              Options.db_log_dir: 
2021/07/23-13:42:20.863940 7ff2103f0cc0                                 Options.wal_dir: /var/lib/memgraph/telemetry
2021/07/23-13:42:20.863941 7ff2103f0cc0                Options.table_cache_numshardbits: 6
2021/07/23-13:42:20.863942 7ff2103f0cc0                         Options.WAL_ttl_seconds: 0
2021/07/23-13:42:20.864095 7ff2103f0cc0                       Options.WAL_size_limit_MB: 0
2021/07/23-13:42:20.864099 7ff2103f0cc0                        Options.max_write_batch_group_size_bytes: 1048576
2021/07/23-13:42:20.864100 7ff2103f0cc0             Options.manifest_preallocation_size: 4194304
2021/07/23-13:42:20.864101 7ff2103f0cc0                     Options.is_fd_close_on_exec: 1
2021/07/23-13:42:20.864102 7ff2103f0cc0                   Options.advise_random_on_open: 1
2021/07/23-13:42:20.864251 7ff2103f0cc0                    Options.db_write_buffer_size: 0
2021/07/23-13:42:20.864257 7ff2103f0cc0                    Options.write_buffer_manager: 0x7ff20f45f4d0
2021/07/23-13:42:20.864259 7ff2103f0cc0         Options.access_hint_on_compaction_start: 1
2021/07/23-13:42:20.864260 7ff2103f0cc0  Options.new_table_reader_for_compaction_inputs: 0
2021/07/23-13:42:20.864262 7ff2103f0cc0           Options.random_access_max_buffer_size: 1048576
2021/07/23-13:42:20.864263 7ff2103f0cc0                      Options.use_adaptive_mutex: 0
2021/07/23-13:42:20.864441 7ff2103f0cc0                            Options.rate_limiter: (nil)
2021/07/23-13:42:20.864448 7ff2103f0cc0     Options.sst_file_manager.rate_bytes_per_sec: 0
2021/07/23-13:42:20.864449 7ff2103f0cc0                       Options.wal_recovery_mode: 2
2021/07/23-13:42:20.864451 7ff2103f0cc0                  Options.enable_thread_tracking: 0
2021/07/23-13:42:20.864452 7ff2103f0cc0                  Options.enable_pipelined_write: 0
2021/07/23-13:42:20.864637 7ff2103f0cc0                  Options.unordered_write: 0
2021/07/23-13:42:20.864644 7ff2103f0cc0         Options.allow_concurrent_memtable_write: 1
2021/07/23-13:42:20.864646 7ff2103f0cc0      Options.enable_write_thread_adaptive_yield: 1
2021/07/23-13:42:20.864647 7ff2103f0cc0             Options.write_thread_max_yield_usec: 100
2021/07/23-13:42:20.864649 7ff2103f0cc0            Options.write_thread_slow_yield_usec: 3
2021/07/23-13:42:20.864653 7ff2103f0cc0                               Options.row_cache: None
2021/07/23-13:42:20.864857 7ff2103f0cc0                              Options.wal_filter: None
2021/07/23-13:42:20.864862 7ff2103f0cc0             Options.avoid_flush_during_recovery: 0
2021/07/23-13:42:20.864863 7ff2103f0cc0             Options.allow_ingest_behind: 0
2021/07/23-13:42:20.864864 7ff2103f0cc0             Options.preserve_deletes: 0
2021/07/23-13:42:20.864865 7ff2103f0cc0             Options.two_write_queues: 0
2021/07/23-13:42:20.864866 7ff2103f0cc0             Options.manual_wal_flush: 0
2021/07/23-13:42:20.865114 7ff2103f0cc0             Options.atomic_flush: 0
2021/07/23-13:42:20.865118 7ff2103f0cc0             Options.avoid_unnecessary_blocking_io: 0
2021/07/23-13:42:20.865119 7ff2103f0cc0                 Options.persist_stats_to_disk: 0
2021/07/23-13:42:20.865120 7ff2103f0cc0                 Options.write_dbid_to_manifest: 0
2021/07/23-13:42:20.865121 7ff2103f0cc0                 Options.log_readahead_size: 0
2021/07/23-13:42:20.865122 7ff2103f0cc0                 Options.file_checksum_gen_factory: Unknown
2021/07/23-13:42:20.865339 7ff2103f0cc0                 Options.best_efforts_recovery: 0
2021/07/23-13:42:20.865344 7ff2103f0cc0                Options.max_bgerror_resume_count: 2147483647
2021/07/23-13:42:20.865345 7ff2103f0cc0            Options.bgerror_resume_retry_interval: 1000000
2021/07/23-13:42:20.865346 7ff2103f0cc0             Options.max_background_jobs: 2
2021/07/23-13:42:20.865347 7ff2103f0cc0             Options.max_background_compactions: -1
2021/07/23-13:42:20.865581 7ff2103f0cc0             Options.max_subcompactions: 1
2021/07/23-13:42:20.865585 7ff2103f0cc0             Options.avoid_flush_during_shutdown: 0
2021/07/23-13:42:20.865587 7ff2103f0cc0           Options.writable_file_max_buffer_size: 1048576
2021/07/23-13:42:20.865588 7ff2103f0cc0             Options.delayed_write_rate : 16777216
2021/07/23-13:42:20.865588 7ff2103f0cc0             Options.max_total_wal_size: 0
2021/07/23-13:42:20.865589 7ff2103f0cc0             Options.delete_obsolete_files_period_micros: 21600000000
2021/07/23-13:42:20.865897 7ff2103f0cc0                   Options.stats_dump_period_sec: 600
2021/07/23-13:42:20.865902 7ff2103f0cc0                 Options.stats_persist_period_sec: 600
2021/07/23-13:42:20.865903 7ff2103f0cc0                 Options.stats_history_buffer_size: 1048576
2021/07/23-13:42:20.865904 7ff2103f0cc0                          Options.max_open_files: -1
2021/07/23-13:42:20.865905 7ff2103f0cc0                          Options.bytes_per_sync: 0
2021/07/23-13:42:20.866122 7ff2103f0cc0                      Options.wal_bytes_per_sync: 0
2021/07/23-13:42:20.866126 7ff2103f0cc0                   Options.strict_bytes_per_sync: 0
2021/07/23-13:42:20.866126 7ff2103f0cc0       Options.compaction_readahead_size: 0
2021/07/23-13:42:20.866127 7ff2103f0cc0                  Options.max_background_flushes: -1
2021/07/23-13:42:20.866128 7ff2103f0cc0 Compression algorithms supported:
2021/07/23-13:42:20.866131 7ff2103f0cc0 	kZSTDNotFinalCompression supported: 0
2021/07/23-13:42:20.866318 7ff2103f0cc0 	kZSTD supported: 0
2021/07/23-13:42:20.866322 7ff2103f0cc0 	kXpressCompression supported: 0
2021/07/23-13:42:20.866323 7ff2103f0cc0 	kLZ4HCCompression supported: 0
2021/07/23-13:42:20.866324 7ff2103f0cc0 	kLZ4Compression supported: 0
2021/07/23-13:42:20.866325 7ff2103f0cc0 	kBZip2Compression supported: 0
2021/07/23-13:42:20.866326 7ff2103f0cc0 	kZlibCompression supported: 0
2021/07/23-13:42:20.866327 7ff2103f0cc0 	kSnappyCompression supported: 0
2021/07/23-13:42:20.866520 7ff2103f0cc0 Fast CRC32 supported: Supported on x86
2021/07/23-13:42:20.872100 7ff2103f0cc0 [db/version_set.cc:4560] Recovering from manifest file: /var/lib/memgraph/telemetry/MANIFEST-000044
2021/07/23-13:42:20.873241 7ff2103f0cc0 [db/column_family.cc:580] --------------- Options for column family [default]:
2021/07/23-13:42:20.873247 7ff2103f0cc0               Options.comparator: leveldb.BytewiseComparator
2021/07/23-13:42:20.873249 7ff2103f0cc0           Options.merge_operator: None
2021/07/23-13:42:20.873435 7ff2103f0cc0        Options.compaction_filter: None
2021/07/23-13:42:20.873442 7ff2103f0cc0        Options.compaction_filter_factory: None
2021/07/23-13:42:20.873444 7ff2103f0cc0  Options.sst_partitioner_factory: None
2021/07/23-13:42:20.873446 7ff2103f0cc0         Options.memtable_factory: SkipListFactory
2021/07/23-13:42:20.873447 7ff2103f0cc0            Options.table_factory: BlockBasedTable
2021/07/23-13:42:20.873489 7ff2103f0cc0            table_factory options:   flush_block_policy_factory: FlushBlockBySizePolicyFactory (0x7ff20b5d23c0)
  cache_index_and_filter_blocks: 0
  cache_index_and_filter_blocks_with_high_priority: 1
  pin_l0_filter_and_index_blocks_in_cache: 0
  pin_top_level_index_and_filter: 1
  index_type: 0
  data_block_index_type: 0
  index_shortening: 1
  data_block_hash_table_util_ratio: 0.750000
  hash_index_allow_collision: 1
  checksum: 1
  no_block_cache: 0
  block_cache: 0x7ff20f705690
  block_cache_name: LRUCache
  block_cache_options:
    capacity : 8388608
    num_shard_bits : 4
    strict_capacity_limit : 0
    memory_allocator : None
    high_pri_pool_ratio: 0.000
  block_cache_compressed: (nil)
  persistent_cache: (nil)
  block_size: 4096
  block_size_deviation: 10
  block_restart_interval: 16
  index_block_restart_interval: 1
  metadata_block_size: 4096
  partition_filters: 0
  use_delta_encoding: 1
  filter_policy: nullptr
  whole_key_filtering: 1
  verify_compression: 0
  read_amp_bytes_per_bit: 0
  format_version: 4
  enable_index_compression: 1
  block_align: 0
2021/07/23-13:42:20.873818 7ff2103f0cc0        Options.write_buffer_size: 67108864
2021/07/23-13:42:20.873822 7ff2103f0cc0  Options.max_write_buffer_number: 2
2021/07/23-13:42:20.873823 7ff2103f0cc0          Options.compression: NoCompression
2021/07/23-13:42:20.873825 7ff2103f0cc0                  Options.bottommost_compression: Disabled
2021/07/23-13:42:20.873826 7ff2103f0cc0       Options.prefix_extractor: nullptr
2021/07/23-13:42:20.873827 7ff2103f0cc0   Options.memtable_insert_with_hint_prefix_extractor: nullptr
2021/07/23-13:42:20.873982 7ff2103f0cc0             Options.num_levels: 7
2021/07/23-13:42:20.873986 7ff2103f0cc0        Options.min_write_buffer_number_to_merge: 1
2021/07/23-13:42:20.873987 7ff2103f0cc0     Options.max_write_buffer_number_to_maintain: 0
2021/07/23-13:42:20.873988 7ff2103f0cc0     Options.max_write_buffer_size_to_maintain: 0
2021/07/23-13:42:20.873989 7ff2103f0cc0            Options.bottommost_compression_opts.window_bits: -14
2021/07/23-13:42:20.873990 7ff2103f0cc0                  Options.bottommost_compression_opts.level: 32767
2021/07/23-13:42:20.874134 7ff2103f0cc0               Options.bottommost_compression_opts.strategy: 0
2021/07/23-13:42:20.874137 7ff2103f0cc0         Options.bottommost_compression_opts.max_dict_bytes: 0
2021/07/23-13:42:20.874138 7ff2103f0cc0         Options.bottommost_compression_opts.zstd_max_train_bytes: 0
2021/07/23-13:42:20.874139 7ff2103f0cc0         Options.bottommost_compression_opts.parallel_threads: 1
2021/07/23-13:42:20.874140 7ff2103f0cc0                  Options.bottommost_compression_opts.enabled: false
2021/07/23-13:42:20.874293 7ff2103f0cc0            Options.compression_opts.window_bits: -14
2021/07/23-13:42:20.874297 7ff2103f0cc0                  Options.compression_opts.level: 32767
2021/07/23-13:42:20.874298 7ff2103f0cc0               Options.compression_opts.strategy: 0
2021/07/23-13:42:20.874299 7ff2103f0cc0         Options.compression_opts.max_dict_bytes: 0
2021/07/23-13:42:20.874300 7ff2103f0cc0         Options.compression_opts.zstd_max_train_bytes: 0
2021/07/23-13:42:20.874447 7ff2103f0cc0         Options.compression_opts.parallel_threads: 1
2021/07/23-13:42:20.874450 7ff2103f0cc0                  Options.compression_opts.enabled: false
2021/07/23-13:42:20.874451 7ff2103f0cc0      Options.level0_file_num_compaction_trigger: 4
2021/07/23-13:42:20.874452 7ff2103f0cc0          Options.level0_slowdown_writes_trigger: 20
2021/07/23-13:42:20.874453 7ff2103f0cc0              Options.level0_stop_writes_trigger: 36
2021/07/23-13:42:20.874454 7ff2103f0cc0                   Options.target_file_size_base: 67108864
2021/07/23-13:42:20.874624 7ff2103f0cc0             Options.target_file_size_multiplier: 1
2021/07/23-13:42:20.874629 7ff2103f0cc0                Options.max_bytes_for_level_base: 268435456
2021/07/23-13:42:20.874631 7ff2103f0cc0 Options.level_compaction_dynamic_level_bytes: 0
2021/07/23-13:42:20.874633 7ff2103f0cc0          Options.max_bytes_for_level_multiplier: 10.000000
2021/07/23-13:42:20.874637 7ff2103f0cc0 Options.max_bytes_for_level_multiplier_addtl[0]: 1
2021/07/23-13:42:20.874792 7ff2103f0cc0 Options.max_bytes_for_level_multiplier_addtl[1]: 1
2021/07/23-13:42:20.874795 7ff2103f0cc0 Options.max_bytes_for_level_multiplier_addtl[2]: 1
2021/07/23-13:42:20.874796 7ff2103f0cc0 Options.max_bytes_for_level_multiplier_addtl[3]: 1
2021/07/23-13:42:20.874797 7ff2103f0cc0 Options.max_bytes_for_level_multiplier_addtl[4]: 1
2021/07/23-13:42:20.874798 7ff2103f0cc0 Options.max_bytes_for_level_multiplier_addtl[5]: 1
2021/07/23-13:42:20.874799 7ff2103f0cc0 Options.max_bytes_for_level_multiplier_addtl[6]: 1
2021/07/23-13:42:20.874950 7ff2103f0cc0       Options.max_sequential_skip_in_iterations: 8
2021/07/23-13:42:20.874953 7ff2103f0cc0                    Options.max_compaction_bytes: 1677721600
2021/07/23-13:42:20.874954 7ff2103f0cc0                        Options.arena_block_size: 8388608
2021/07/23-13:42:20.874955 7ff2103f0cc0   Options.soft_pending_compaction_bytes_limit: 68719476736
2021/07/23-13:42:20.874956 7ff2103f0cc0   Options.hard_pending_compaction_bytes_limit: 274877906944
2021/07/23-13:42:20.875127 7ff2103f0cc0       Options.rate_limit_delay_max_milliseconds: 100
2021/07/23-13:42:20.875132 7ff2103f0cc0                Options.disable_auto_compactions: 0
2021/07/23-13:42:20.875134 7ff2103f0cc0                        Options.compaction_style: kCompactionStyleLevel
2021/07/23-13:42:20.875136 7ff2103f0cc0                          Options.compaction_pri: kMinOverlappingRatio
2021/07/23-13:42:20.875137 7ff2103f0cc0 Options.compaction_options_universal.size_ratio: 1
2021/07/23-13:42:20.875327 7ff2103f0cc0 Options.compaction_options_universal.min_merge_width: 2
2021/07/23-13:42:20.875332 7ff2103f0cc0 Options.compaction_options_universal.max_merge_width: 4294967295
2021/07/23-13:42:20.875333 7ff2103f0cc0 Options.compaction_options_universal.max_size_amplification_percent: 200
2021/07/23-13:42:20.875333 7ff2103f0cc0 Options.compaction_options_universal.compression_size_percent: -1
2021/07/23-13:42:20.875335 7ff2103f0cc0 Options.compaction_options_universal.stop_style: kCompactionStopStyleTotalSize
2021/07/23-13:42:20.875616 7ff2103f0cc0 Options.compaction_options_fifo.max_table_files_size: 1073741824
2021/07/23-13:42:20.875624 7ff2103f0cc0 Options.compaction_options_fifo.allow_compaction: 0
2021/07/23-13:42:20.875634 7ff2103f0cc0                   Options.table_properties_collectors: 
2021/07/23-13:42:20.875637 7ff2103f0cc0                   Options.inplace_update_support: 0
2021/07/23-13:42:20.875639 7ff2103f0cc0                 Options.inplace_update_num_locks: 10000
2021/07/23-13:42:20.875938 7ff2103f0cc0               Options.memtable_prefix_bloom_size_ratio: 0.000000
2021/07/23-13:42:20.875945 7ff2103f0cc0               Options.memtable_whole_key_filtering: 0
2021/07/23-13:42:20.875946 7ff2103f0cc0   Options.memtable_huge_page_size: 0
2021/07/23-13:42:20.875947 7ff2103f0cc0                           Options.bloom_locality: 0
2021/07/23-13:42:20.875948 7ff2103f0cc0                    Options.max_successive_merges: 0
2021/07/23-13:42:20.875949 7ff2103f0cc0                Options.optimize_filters_for_hits: 0
2021/07/23-13:42:20.876211 7ff2103f0cc0                Options.paranoid_file_checks: 0
2021/07/23-13:42:20.876216 7ff2103f0cc0                Options.force_consistency_checks: 0
2021/07/23-13:42:20.876217 7ff2103f0cc0                Options.report_bg_io_stats: 0
2021/07/23-13:42:20.876218 7ff2103f0cc0                               Options.ttl: 2592000
2021/07/23-13:42:20.876219 7ff2103f0cc0          Options.periodic_compaction_seconds: 0
2021/07/23-13:42:20.885955 7ff2103f0cc0 [db/version_set.cc:4718] Recovered from manifest file:/var/lib/memgraph/telemetry/MANIFEST-000044 succeeded,manifest_file_number is 44, next_file_number is 49, last_sequence is 42, log_number is 40,prev_log_number is 0,max_column_family is 0,min_log_number_to_keep is 0
2021/07/23-13:42:20.885966 7ff2103f0cc0 [db/version_set.cc:4727] Column family [default] (ID 0), log number is 40
2021/07/23-13:42:20.894693 7ff2103f0cc0 EVENT_LOG_v1 {"time_micros": 1627047740894689, "job": 1, "event": "recovery_started", "log_files": [45]}
2021/07/23-13:42:20.894956 7ff2103f0cc0 [db/db_impl/db_impl_open.cc:823] Recovering log #45 mode 2
2021/07/23-13:42:20.914711 7ff2103f0cc0 EVENT_LOG_v1 {"time_micros": 1627047740914669, "cf_name": "default", "job": 1, "event": "table_file_creation", "file_number": 49, "file_size": 973, "table_properties": {"data_size": 89, "index_size": 63, "index_partitions": 0, "top_level_index_size": 0, "index_key_is_user_key": 1, "index_value_is_delta_encoded": 1, "filter_size": 0, "raw_key_size": 109, "raw_average_key_size": 54, "raw_value_size": 0, "raw_average_value_size": 0, "num_data_blocks": 1, "num_entries": 2, "num_deletions": 2, "num_merge_operands": 0, "num_range_deletions": 0, "format_version": 0, "fixed_key_len": 0, "filter_policy": "", "column_family_name": "default", "column_family_id": 0, "comparator": "leveldb.BytewiseComparator", "merge_operator": "nullptr", "prefix_extractor_name": "nullptr", "property_collectors": "[]", "compression": "NoCompression", "compression_options": "window_bits=-14; level=32767; strategy=0; max_dict_bytes=0; zstd_max_train_bytes=0; enabled=0; ", "creation_time": 1627047740, "oldest_key_time": 0, "file_creation_time": 0, "db_id": "64f7a602-cfc7-4ff5-9713-b4983af12ea3", "db_session_id": "VQ9NWUDB5IDUQZG08U2O"}}
2021/07/23-13:42:20.916743 7ff2103f0cc0 [db/version_set.cc:3950] Creating manifest 50
2021/07/23-13:42:20.943168 7ff2103f0cc0 EVENT_LOG_v1 {"time_micros": 1627047740943161, "job": 1, "event": "recovery_finished"}
2021/07/23-13:42:20.951273 7ff2103f0cc0 [file/delete_scheduler.cc:73] Deleted file /var/lib/memgraph/telemetry/000045.log immediately, rate_bytes_per_sec 0, total_trash_size 0 max_trash_db_ratio 0.250000
2021/07/23-13:42:21.148996 7ff2103f0cc0 [db/db_impl/db_impl_open.cc:1639] SstFileManager instance 0x7ff1dac62980
2021/07/23-13:42:21.151221 7ff20d37b700 (Original Log Time 2021/07/23-13:42:21.149108) [db/db_impl/db_impl_compaction_flush.cc:2768] [default] Moving #49 to level-1 973 bytes
2021/07/23-13:42:21.151225 7ff20d37b700 (Original Log Time 2021/07/23-13:42:21.151142) EVENT_LOG_v1 {"time_micros": 1627047741151136, "job": 3, "event": "trivial_move", "destination_level": 1, "files": 1, "total_files_size": 973}
2021/07/23-13:42:21.151227 7ff20d37b700 (Original Log Time 2021/07/23-13:42:21.151159) [db/db_impl/db_impl_compaction_flush.cc:2798] [default] Moved #1 files to level-1 973 bytes OK: files[3 7 0 0 0 0 0] max score 0.75
2021/07/23-13:42:21.151416 7ff2103f0cc0 DB pointer 0x7ff1f5461800
2021/07/23-13:42:22.152483 7ff1d8412700 [db/db_impl/db_impl.cc:899] ------- DUMPING STATS -------
2021/07/23-13:42:22.152510 7ff1d8412700 [db/db_impl/db_impl.cc:900] 
** DB Stats **
Uptime(secs): 1.3 total, 1.3 interval
Cumulative writes: 1 writes, 1 keys, 1 commit groups, 0.5 writes per commit group, ingest: 0.00 GB, 0.00 MB/s
Cumulative WAL: 1 writes, 0 syncs, 1.00 writes per sync, written: 0.00 GB, 0.00 MB/s
Cumulative stall: 00:00:0.000 H:M:S, 0.0 percent
Interval writes: 1 writes, 1 keys, 1 commit groups, 0.5 writes per commit group, ingest: 0.00 MB, 0.00 MB/s
Interval WAL: 1 writes, 0 syncs, 1.00 writes per sync, written: 0.00 MB, 0.00 MB/s
Interval stall: 00:00:0.000 H:M:S, 0.0 percent

** Compaction Stats [default] **
Level    Files   Size     Score Read(GB)  Rn(GB) Rnp1(GB) Write(GB) Wnew(GB) Moved(GB) W-Amp Rd(MB/s) Wr(MB/s) Comp(sec) CompMergeCPU(sec) Comp(cnt) Avg(sec) KeyIn KeyDrop
----------------------------------------------------------------------------------------------------------------------------------------------------------------------------
  L0      3/0    2.87 KB   0.8      0.0     0.0      0.0       0.0      0.0       0.0   1.0      0.0      0.0      0.02              0.00         1    0.019       0      0
  L1      7/0    6.66 KB   0.0      0.0     0.0      0.0       0.0      0.0       0.0   0.0      0.0      0.0      0.00              0.00         0    0.000       0      0
 Sum     10/0    9.52 KB   0.0      0.0     0.0      0.0       0.0      0.0       0.0   1.0      0.0      0.0      0.02              0.00         1    0.019       0      0
 Int      0/0    0.00 KB   0.0      0.0     0.0      0.0       0.0      0.0       0.0   1.0      0.0      0.0      0.02              0.00         1    0.019       0      0

** Compaction Stats [default] **
Priority    Files   Size     Score Read(GB)  Rn(GB) Rnp1(GB) Write(GB) Wnew(GB) Moved(GB) W-Amp Rd(MB/s) Wr(MB/s) Comp(sec) CompMergeCPU(sec) Comp(cnt) Avg(sec) KeyIn KeyDrop
-------------------------------------------------------------------------------------------------------------------------------------------------------------------------------
User      0/0    0.00 KB   0.0      0.0     0.0      0.0       0.0      0.0       0.0   0.0      0.0      0.0      0.02              0.00         1    0.019       0      0
Uptime(secs): 1.3 total, 1.3 interval
Flush(GB): cumulative 0.000, interval 0.000
AddFile(GB): cumulative 0.000, interval 0.000
AddFile(Total Files): cumulative 0, interval 0
AddFile(L0 Files): cumulative 0, interval 0
AddFile(Keys): cumulative 0, interval 0
Cumulative compaction: 0.00 GB write, 0.00 MB/s write, 0.00 GB read, 0.00 MB/s read, 0.0 seconds
Interval compaction: 0.00 GB write, 0.00 MB/s write, 0.00 GB read, 0.00 MB/s read, 0.0 seconds
Stalls(count): 0 level0_slowdown, 0 level0_slowdown_with_compaction, 0 level0_numfiles, 0 level0_numfiles_with_compaction, 0 stop for pending_compaction_bytes, 0 slowdown for pending_compaction_bytes, 0 memtable_compaction, 0 memtable_slowdown, interval 0 total count

** File Read Latency Histogram By Level [default] **

** Compaction Stats [default] **
Level    Files   Size     Score Read(GB)  Rn(GB) Rnp1(GB) Write(GB) Wnew(GB) Moved(GB) W-Amp Rd(MB/s) Wr(MB/s) Comp(sec) CompMergeCPU(sec) Comp(cnt) Avg(sec) KeyIn KeyDrop
----------------------------------------------------------------------------------------------------------------------------------------------------------------------------
  L0      3/0    2.87 KB   0.8      0.0     0.0      0.0       0.0      0.0       0.0   1.0      0.0      0.0      0.02              0.00         1    0.019       0      0
  L1      7/0    6.66 KB   0.0      0.0     0.0      0.0       0.0      0.0       0.0   0.0      0.0      0.0      0.00              0.00         0    0.000       0      0
 Sum     10/0    9.52 KB   0.0      0.0     0.0      0.0       0.0      0.0       0.0   1.0      0.0      0.0      0.02              0.00         1    0.019       0      0
 Int      0/0    0.00 KB   0.0      0.0     0.0      0.0       0.0      0.0       0.0   0.0      0.0      0.0      0.00              0.00         0    0.000       0      0

** Compaction Stats [default] **
Priority    Files   Size     Score Read(GB)  Rn(GB) Rnp1(GB) Write(GB) Wnew(GB) Moved(GB) W-Amp Rd(MB/s) Wr(MB/s) Comp(sec) CompMergeCPU(sec) Comp(cnt) Avg(sec) KeyIn KeyDrop
-------------------------------------------------------------------------------------------------------------------------------------------------------------------------------
User      0/0    0.00 KB   0.0      0.0     0.0      0.0       0.0      0.0       0.0   0.0      0.0      0.0      0.02              0.00         1    0.019       0      0
Uptime(secs): 1.3 total, 0.0 interval
Flush(GB): cumulative 0.000, interval 0.000
AddFile(GB): cumulative 0.000, interval 0.000
AddFile(Total Files): cumulative 0, interval 0
AddFile(L0 Files): cumulative 0, interval 0
AddFile(Keys): cumulative 0, interval 0
Cumulative compaction: 0.00 GB write, 0.00 MB/s write, 0.00 GB read, 0.00 MB/s read, 0.0 seconds
Interval compaction: 0.00 GB write, 0.00 MB/s write, 0.00 GB read, 0.00 MB/s read, 0.0 seconds
Stalls(count): 0 level0_slowdown, 0 level0_slowdown_with_compaction, 0 level0_numfiles, 0 level0_numfiles_with_compaction, 0 stop for pending_compaction_bytes, 0 slowdown for pending_compaction_bytes, 0 memtable_compaction, 0 memtable_slowdown, interval 0 total count

** File Read Latency Histogram By Level [default] **
2021/07/23-13:49:55.782235 7ff2103f0cc0 [db/db_impl/db_impl.cc:438] Shutdown: canceling all background work
2021/07/23-13:49:55.801741 7ff2103f0cc0 [db/db_impl/db_impl.cc:614] Shutdown complete
