2021/08/17-14:43:18.856617 7fa9cedaecc0 RocksDB version: 6.12.7
2021/08/17-14:43:18.857167 7fa9cedaecc0 Git sha rocksdb_build_git_sha:@f3e33549c151f30ac4eb7c22356c6d0331f37652@
2021/08/17-14:43:18.857175 7fa9cedaecc0 Compile date May 27 2021
2021/08/17-14:43:18.857275 7fa9cedaecc0 DB SUMMARY
2021/08/17-14:43:18.857278 7fa9cedaecc0 DB Session ID:  54EK09EHN7H2SZC1PEOS
2021/08/17-14:43:18.860471 7fa9cedaecc0 CURRENT file:  CURRENT
2021/08/17-14:43:18.860483 7fa9cedaecc0 IDENTITY file:  IDENTITY
2021/08/17-14:43:18.861550 7fa9cedaecc0 MANIFEST file:  MANIFEST-000116 size: 59 Bytes
2021/08/17-14:43:18.861890 7fa9cedaecc0 SST files in /var/lib/memgraph/triggers dir, Total Num: 0, files: 
2021/08/17-14:43:18.861900 7fa9cedaecc0 Write Ahead Log file in /var/lib/memgraph/triggers: 000117.log size: 0 ; 
2021/08/17-14:43:18.861906 7fa9cedaecc0                         Options.error_if_exists: 0
2021/08/17-14:43:18.861909 7fa9cedaecc0                       Options.create_if_missing: 1
2021/08/17-14:43:18.861911 7fa9cedaecc0                         Options.paranoid_checks: 1
2021/08/17-14:43:18.861913 7fa9cedaecc0                                     Options.env: 0xdc80b8
2021/08/17-14:43:18.862345 7fa9cedaecc0                                      Options.fs: Posix File System
2021/08/17-14:43:18.862354 7fa9cedaecc0                                Options.info_log: 0x7fa9ce024550
2021/08/17-14:43:18.862356 7fa9cedaecc0                Options.max_file_opening_threads: 16
2021/08/17-14:43:18.862357 7fa9cedaecc0                              Options.statistics: (nil)
2021/08/17-14:43:18.862358 7fa9cedaecc0                               Options.use_fsync: 0
2021/08/17-14:43:18.862626 7fa9cedaecc0                       Options.max_log_file_size: 0
2021/08/17-14:43:18.862637 7fa9cedaecc0                  Options.max_manifest_file_size: 1073741824
2021/08/17-14:43:18.862639 7fa9cedaecc0                   Options.log_file_time_to_roll: 0
2021/08/17-14:43:18.862640 7fa9cedaecc0                       Options.keep_log_file_num: 1000
2021/08/17-14:43:18.862641 7fa9cedaecc0                    Options.recycle_log_file_num: 0
2021/08/17-14:43:18.862993 7fa9cedaecc0                         Options.allow_fallocate: 1
2021/08/17-14:43:18.862998 7fa9cedaecc0                        Options.allow_mmap_reads: 0
2021/08/17-14:43:18.863000 7fa9cedaecc0                       Options.allow_mmap_writes: 0
2021/08/17-14:43:18.863001 7fa9cedaecc0                        Options.use_direct_reads: 0
2021/08/17-14:43:18.863002 7fa9cedaecc0                        Options.use_direct_io_for_flush_and_compaction: 0
2021/08/17-14:43:18.863003 7fa9cedaecc0          Options.create_missing_column_families: 0
2021/08/17-14:43:18.863562 7fa9cedaecc0                              Options.db_log_dir: 
2021/08/17-14:43:18.863576 7fa9cedaecc0                                 Options.wal_dir: /var/lib/memgraph/triggers
2021/08/17-14:43:18.863578 7fa9cedaecc0                Options.table_cache_numshardbits: 6
2021/08/17-14:43:18.863580 7fa9cedaecc0                         Options.WAL_ttl_seconds: 0
2021/08/17-14:43:18.863582 7fa9cedaecc0                       Options.WAL_size_limit_MB: 0
2021/08/17-14:43:18.863914 7fa9cedaecc0                        Options.max_write_batch_group_size_bytes: 1048576
2021/08/17-14:43:18.863923 7fa9cedaecc0             Options.manifest_preallocation_size: 4194304
2021/08/17-14:43:18.863926 7fa9cedaecc0                     Options.is_fd_close_on_exec: 1
2021/08/17-14:43:18.863928 7fa9cedaecc0                   Options.advise_random_on_open: 1
2021/08/17-14:43:18.863931 7fa9cedaecc0                    Options.db_write_buffer_size: 0
2021/08/17-14:43:18.864370 7fa9cedaecc0                    Options.write_buffer_manager: 0x7fa9cddcfd60
2021/08/17-14:43:18.864383 7fa9cedaecc0         Options.access_hint_on_compaction_start: 1
2021/08/17-14:43:18.864386 7fa9cedaecc0  Options.new_table_reader_for_compaction_inputs: 0
2021/08/17-14:43:18.864389 7fa9cedaecc0           Options.random_access_max_buffer_size: 1048576
2021/08/17-14:43:18.864391 7fa9cedaecc0                      Options.use_adaptive_mutex: 0
2021/08/17-14:43:18.864392 7fa9cedaecc0                            Options.rate_limiter: (nil)
2021/08/17-14:43:18.864758 7fa9cedaecc0     Options.sst_file_manager.rate_bytes_per_sec: 0
2021/08/17-14:43:18.864770 7fa9cedaecc0                       Options.wal_recovery_mode: 2
2021/08/17-14:43:18.864774 7fa9cedaecc0                  Options.enable_thread_tracking: 0
2021/08/17-14:43:18.864776 7fa9cedaecc0                  Options.enable_pipelined_write: 0
2021/08/17-14:43:18.864778 7fa9cedaecc0                  Options.unordered_write: 0
2021/08/17-14:43:18.865055 7fa9cedaecc0         Options.allow_concurrent_memtable_write: 1
2021/08/17-14:43:18.865066 7fa9cedaecc0      Options.enable_write_thread_adaptive_yield: 1
2021/08/17-14:43:18.865067 7fa9cedaecc0             Options.write_thread_max_yield_usec: 100
2021/08/17-14:43:18.865068 7fa9cedaecc0            Options.write_thread_slow_yield_usec: 3
2021/08/17-14:43:18.865069 7fa9cedaecc0                               Options.row_cache: None
2021/08/17-14:43:18.865071 7fa9cedaecc0                              Options.wal_filter: None
2021/08/17-14:43:18.865401 7fa9cedaecc0             Options.avoid_flush_during_recovery: 0
2021/08/17-14:43:18.865411 7fa9cedaecc0             Options.allow_ingest_behind: 0
2021/08/17-14:43:18.865413 7fa9cedaecc0             Options.preserve_deletes: 0
2021/08/17-14:43:18.865415 7fa9cedaecc0             Options.two_write_queues: 0
2021/08/17-14:43:18.865416 7fa9cedaecc0             Options.manual_wal_flush: 0
2021/08/17-14:43:18.865418 7fa9cedaecc0             Options.atomic_flush: 0
2021/08/17-14:43:18.865721 7fa9cedaecc0             Options.avoid_unnecessary_blocking_io: 0
2021/08/17-14:43:18.865728 7fa9cedaecc0                 Options.persist_stats_to_disk: 0
2021/08/17-14:43:18.865730 7fa9cedaecc0                 Options.write_dbid_to_manifest: 0
2021/08/17-14:43:18.865732 7fa9cedaecc0                 Options.log_readahead_size: 0
2021/08/17-14:43:18.865734 7fa9cedaecc0                 Options.file_checksum_gen_factory: Unknown
2021/08/17-14:43:18.865736 7fa9cedaecc0                 Options.best_efforts_recovery: 0
2021/08/17-14:43:18.866025 7fa9cedaecc0                Options.max_bgerror_resume_count: 2147483647
2021/08/17-14:43:18.866034 7fa9cedaecc0            Options.bgerror_resume_retry_interval: 1000000
2021/08/17-14:43:18.866036 7fa9cedaecc0             Options.max_background_jobs: 2
2021/08/17-14:43:18.866038 7fa9cedaecc0             Options.max_background_compactions: -1
2021/08/17-14:43:18.866039 7fa9cedaecc0             Options.max_subcompactions: 1
2021/08/17-14:43:18.866357 7fa9cedaecc0             Options.avoid_flush_during_shutdown: 0
2021/08/17-14:43:18.866365 7fa9cedaecc0           Options.writable_file_max_buffer_size: 1048576
2021/08/17-14:43:18.866367 7fa9cedaecc0             Options.delayed_write_rate : 16777216
2021/08/17-14:43:18.866368 7fa9cedaecc0             Options.max_total_wal_size: 0
2021/08/17-14:43:18.866369 7fa9cedaecc0             Options.delete_obsolete_files_period_micros: 21600000000
2021/08/17-14:43:18.866370 7fa9cedaecc0                   Options.stats_dump_period_sec: 600
2021/08/17-14:43:18.866648 7fa9cedaecc0                 Options.stats_persist_period_sec: 600
2021/08/17-14:43:18.866657 7fa9cedaecc0                 Options.stats_history_buffer_size: 1048576
2021/08/17-14:43:18.866661 7fa9cedaecc0                          Options.max_open_files: -1
2021/08/17-14:43:18.866664 7fa9cedaecc0                          Options.bytes_per_sync: 0
2021/08/17-14:43:18.866667 7fa9cedaecc0                      Options.wal_bytes_per_sync: 0
2021/08/17-14:43:18.867065 7fa9cedaecc0                   Options.strict_bytes_per_sync: 0
2021/08/17-14:43:18.867075 7fa9cedaecc0       Options.compaction_readahead_size: 0
2021/08/17-14:43:18.867096 7fa9cedaecc0                  Options.max_background_flushes: -1
2021/08/17-14:43:18.867100 7fa9cedaecc0 Compression algorithms supported:
2021/08/17-14:43:18.867103 7fa9cedaecc0 	kZSTDNotFinalCompression supported: 0
2021/08/17-14:43:18.867105 7fa9cedaecc0 	kZSTD supported: 0
2021/08/17-14:43:18.867108 7fa9cedaecc0 	kXpressCompression supported: 0
2021/08/17-14:43:18.867585 7fa9cedaecc0 	kLZ4HCCompression supported: 0
2021/08/17-14:43:18.867598 7fa9cedaecc0 	kLZ4Compression supported: 0
2021/08/17-14:43:18.867601 7fa9cedaecc0 	kBZip2Compression supported: 0
2021/08/17-14:43:18.867604 7fa9cedaecc0 	kZlibCompression supported: 0
2021/08/17-14:43:18.867607 7fa9cedaecc0 	kSnappyCompression supported: 0
2021/08/17-14:43:18.867617 7fa9cedaecc0 Fast CRC32 supported: Supported on x86
2021/08/17-14:43:18.885300 7fa9cedaecc0 [db/version_set.cc:4560] Recovering from manifest file: /var/lib/memgraph/triggers/MANIFEST-000116
2021/08/17-14:43:18.893402 7fa9cedaecc0 [db/column_family.cc:580] --------------- Options for column family [default]:
2021/08/17-14:43:18.893417 7fa9cedaecc0               Options.comparator: leveldb.BytewiseComparator
2021/08/17-14:43:18.893419 7fa9cedaecc0           Options.merge_operator: None
2021/08/17-14:43:18.893420 7fa9cedaecc0        Options.compaction_filter: None
2021/08/17-14:43:18.893421 7fa9cedaecc0        Options.compaction_filter_factory: None
2021/08/17-14:43:18.893647 7fa9cedaecc0  Options.sst_partitioner_factory: None
2021/08/17-14:43:18.893654 7fa9cedaecc0         Options.memtable_factory: SkipListFactory
2021/08/17-14:43:18.893656 7fa9cedaecc0            Options.table_factory: BlockBasedTable
2021/08/17-14:43:18.893691 7fa9cedaecc0            table_factory options:   flush_block_policy_factory: FlushBlockBySizePolicyFactory (0x7fa9ccb39ed8)
  cache_index_and_filter_blocks: 0
  cache_index_and_filter_blocks_with_high_priority: 1
  pin_l0_filter_and_index_blocks_in_cache: 0
  pin_top_level_index_and_filter: 1
  index_type: 0
  data_block_index_type: 0
  index_shortening: 1
  data_block_hash_table_util_ratio: 0.750000
  hash_index_allow_collision: 1
  checksum: 1
  no_block_cache: 0
  block_cache: 0x7fa9ccb4af90
  block_cache_name: LRUCache
  block_cache_options:
    capacity : 8388608
    num_shard_bits : 4
    strict_capacity_limit : 0
    memory_allocator : None
    high_pri_pool_ratio: 0.000
  block_cache_compressed: (nil)
  persistent_cache: (nil)
  block_size: 4096
  block_size_deviation: 10
  block_restart_interval: 16
  index_block_restart_interval: 1
  metadata_block_size: 4096
  partition_filters: 0
  use_delta_encoding: 1
  filter_policy: nullptr
  whole_key_filtering: 1
  verify_compression: 0
  read_amp_bytes_per_bit: 0
  format_version: 4
  enable_index_compression: 1
  block_align: 0
2021/08/17-14:43:18.894179 7fa9cedaecc0        Options.write_buffer_size: 67108864
2021/08/17-14:43:18.894186 7fa9cedaecc0  Options.max_write_buffer_number: 2
2021/08/17-14:43:18.894424 7fa9cedaecc0          Options.compression: NoCompression
2021/08/17-14:43:18.894429 7fa9cedaecc0                  Options.bottommost_compression: Disabled
2021/08/17-14:43:18.894431 7fa9cedaecc0       Options.prefix_extractor: nullptr
2021/08/17-14:43:18.894432 7fa9cedaecc0   Options.memtable_insert_with_hint_prefix_extractor: nullptr
2021/08/17-14:43:18.894433 7fa9cedaecc0             Options.num_levels: 7
2021/08/17-14:43:18.894434 7fa9cedaecc0        Options.min_write_buffer_number_to_merge: 1
2021/08/17-14:43:18.894664 7fa9cedaecc0     Options.max_write_buffer_number_to_maintain: 0
2021/08/17-14:43:18.894669 7fa9cedaecc0     Options.max_write_buffer_size_to_maintain: 0
2021/08/17-14:43:18.894671 7fa9cedaecc0            Options.bottommost_compression_opts.window_bits: -14
2021/08/17-14:43:18.894672 7fa9cedaecc0                  Options.bottommost_compression_opts.level: 32767
2021/08/17-14:43:18.894673 7fa9cedaecc0               Options.bottommost_compression_opts.strategy: 0
2021/08/17-14:43:18.894914 7fa9cedaecc0         Options.bottommost_compression_opts.max_dict_bytes: 0
2021/08/17-14:43:18.894939 7fa9cedaecc0         Options.bottommost_compression_opts.zstd_max_train_bytes: 0
2021/08/17-14:43:18.894941 7fa9cedaecc0         Options.bottommost_compression_opts.parallel_threads: 1
2021/08/17-14:43:18.894942 7fa9cedaecc0                  Options.bottommost_compression_opts.enabled: false
2021/08/17-14:43:18.894944 7fa9cedaecc0            Options.compression_opts.window_bits: -14
2021/08/17-14:43:18.895166 7fa9cedaecc0                  Options.compression_opts.level: 32767
2021/08/17-14:43:18.895171 7fa9cedaecc0               Options.compression_opts.strategy: 0
2021/08/17-14:43:18.895172 7fa9cedaecc0         Options.compression_opts.max_dict_bytes: 0
2021/08/17-14:43:18.895173 7fa9cedaecc0         Options.compression_opts.zstd_max_train_bytes: 0
2021/08/17-14:43:18.895174 7fa9cedaecc0         Options.compression_opts.parallel_threads: 1
2021/08/17-14:43:18.895380 7fa9cedaecc0                  Options.compression_opts.enabled: false
2021/08/17-14:43:18.895384 7fa9cedaecc0      Options.level0_file_num_compaction_trigger: 4
2021/08/17-14:43:18.895386 7fa9cedaecc0          Options.level0_slowdown_writes_trigger: 20
2021/08/17-14:43:18.895387 7fa9cedaecc0              Options.level0_stop_writes_trigger: 36
2021/08/17-14:43:18.895388 7fa9cedaecc0                   Options.target_file_size_base: 67108864
2021/08/17-14:43:18.895389 7fa9cedaecc0             Options.target_file_size_multiplier: 1
2021/08/17-14:43:18.895595 7fa9cedaecc0                Options.max_bytes_for_level_base: 268435456
2021/08/17-14:43:18.895602 7fa9cedaecc0 Options.level_compaction_dynamic_level_bytes: 0
2021/08/17-14:43:18.895604 7fa9cedaecc0          Options.max_bytes_for_level_multiplier: 10.000000
2021/08/17-14:43:18.895607 7fa9cedaecc0 Options.max_bytes_for_level_multiplier_addtl[0]: 1
2021/08/17-14:43:18.895609 7fa9cedaecc0 Options.max_bytes_for_level_multiplier_addtl[1]: 1
2021/08/17-14:43:18.895817 7fa9cedaecc0 Options.max_bytes_for_level_multiplier_addtl[2]: 1
2021/08/17-14:43:18.895822 7fa9cedaecc0 Options.max_bytes_for_level_multiplier_addtl[3]: 1
2021/08/17-14:43:18.895823 7fa9cedaecc0 Options.max_bytes_for_level_multiplier_addtl[4]: 1
2021/08/17-14:43:18.895824 7fa9cedaecc0 Options.max_bytes_for_level_multiplier_addtl[5]: 1
2021/08/17-14:43:18.895825 7fa9cedaecc0 Options.max_bytes_for_level_multiplier_addtl[6]: 1
2021/08/17-14:43:18.895827 7fa9cedaecc0       Options.max_sequential_skip_in_iterations: 8
2021/08/17-14:43:18.896044 7fa9cedaecc0                    Options.max_compaction_bytes: 1677721600
2021/08/17-14:43:18.896049 7fa9cedaecc0                        Options.arena_block_size: 8388608
2021/08/17-14:43:18.896050 7fa9cedaecc0   Options.soft_pending_compaction_bytes_limit: 68719476736
2021/08/17-14:43:18.896051 7fa9cedaecc0   Options.hard_pending_compaction_bytes_limit: 274877906944
2021/08/17-14:43:18.896052 7fa9cedaecc0       Options.rate_limit_delay_max_milliseconds: 100
2021/08/17-14:43:18.896317 7fa9cedaecc0                Options.disable_auto_compactions: 0
2021/08/17-14:43:18.896323 7fa9cedaecc0                        Options.compaction_style: kCompactionStyleLevel
2021/08/17-14:43:18.896325 7fa9cedaecc0                          Options.compaction_pri: kMinOverlappingRatio
2021/08/17-14:43:18.896327 7fa9cedaecc0 Options.compaction_options_universal.size_ratio: 1
2021/08/17-14:43:18.896328 7fa9cedaecc0 Options.compaction_options_universal.min_merge_width: 2
2021/08/17-14:43:18.896759 7fa9cedaecc0 Options.compaction_options_universal.max_merge_width: 4294967295
2021/08/17-14:43:18.896769 7fa9cedaecc0 Options.compaction_options_universal.max_size_amplification_percent: 200
2021/08/17-14:43:18.896772 7fa9cedaecc0 Options.compaction_options_universal.compression_size_percent: -1
2021/08/17-14:43:18.896775 7fa9cedaecc0 Options.compaction_options_universal.stop_style: kCompactionStopStyleTotalSize
2021/08/17-14:43:18.896777 7fa9cedaecc0 Options.compaction_options_fifo.max_table_files_size: 1073741824
2021/08/17-14:43:18.897076 7fa9cedaecc0 Options.compaction_options_fifo.allow_compaction: 0
2021/08/17-14:43:18.897109 7fa9cedaecc0                   Options.table_properties_collectors: 
2021/08/17-14:43:18.897113 7fa9cedaecc0                   Options.inplace_update_support: 0
2021/08/17-14:43:18.897114 7fa9cedaecc0                 Options.inplace_update_num_locks: 10000
2021/08/17-14:43:18.897116 7fa9cedaecc0               Options.memtable_prefix_bloom_size_ratio: 0.000000
2021/08/17-14:43:18.897536 7fa9cedaecc0               Options.memtable_whole_key_filtering: 0
2021/08/17-14:43:18.897546 7fa9cedaecc0   Options.memtable_huge_page_size: 0
2021/08/17-14:43:18.897548 7fa9cedaecc0                           Options.bloom_locality: 0
2021/08/17-14:43:18.897549 7fa9cedaecc0                    Options.max_successive_merges: 0
2021/08/17-14:43:18.897551 7fa9cedaecc0                Options.optimize_filters_for_hits: 0
2021/08/17-14:43:18.897552 7fa9cedaecc0                Options.paranoid_file_checks: 0
2021/08/17-14:43:18.897824 7fa9cedaecc0                Options.force_consistency_checks: 0
2021/08/17-14:43:18.897833 7fa9cedaecc0                Options.report_bg_io_stats: 0
2021/08/17-14:43:18.897834 7fa9cedaecc0                               Options.ttl: 2592000
2021/08/17-14:43:18.897835 7fa9cedaecc0          Options.periodic_compaction_seconds: 0
2021/08/17-14:43:18.902649 7fa9cedaecc0 [db/version_set.cc:4718] Recovered from manifest file:/var/lib/memgraph/triggers/MANIFEST-000116 succeeded,manifest_file_number is 116, next_file_number is 118, last_sequence is 0, log_number is 115,prev_log_number is 0,max_column_family is 0,min_log_number_to_keep is 0
2021/08/17-14:43:18.902893 7fa9cedaecc0 [db/version_set.cc:4727] Column family [default] (ID 0), log number is 115
2021/08/17-14:43:18.915055 7fa9cedaecc0 EVENT_LOG_v1 {"time_micros": 1629211398915029, "job": 1, "event": "recovery_started", "log_files": [117]}
2021/08/17-14:43:18.915107 7fa9cedaecc0 [db/db_impl/db_impl_open.cc:823] Recovering log #117 mode 2
2021/08/17-14:43:18.917437 7fa9cedaecc0 [db/version_set.cc:3950] Creating manifest 119
2021/08/17-14:43:18.935224 7fa9cedaecc0 EVENT_LOG_v1 {"time_micros": 1629211398935218, "job": 1, "event": "recovery_finished"}
2021/08/17-14:43:18.944850 7fa9cedaecc0 [file/delete_scheduler.cc:73] Deleted file /var/lib/memgraph/triggers/000117.log immediately, rate_bytes_per_sec 0, total_trash_size 0 max_trash_db_ratio 0.250000
2021/08/17-14:43:19.161607 7fa9cedaecc0 [db/db_impl/db_impl_open.cc:1639] SstFileManager instance 0x7fa9cde1f500
2021/08/17-14:43:19.164412 7fa9cedaecc0 DB pointer 0x7fa9cc5b1800
2021/08/17-14:43:19.165750 7fa9c1ff5700 [db/db_impl/db_impl.cc:899] ------- DUMPING STATS -------
2021/08/17-14:43:19.165781 7fa9c1ff5700 [db/db_impl/db_impl.cc:900] 
** DB Stats **
Uptime(secs): 0.3 total, 0.3 interval
Cumulative writes: 0 writes, 0 keys, 0 commit groups, 0.0 writes per commit group, ingest: 0.00 GB, 0.00 MB/s
Cumulative WAL: 0 writes, 0 syncs, 0.00 writes per sync, written: 0.00 GB, 0.00 MB/s
Cumulative stall: 00:00:0.000 H:M:S, 0.0 percent
Interval writes: 0 writes, 0 keys, 0 commit groups, 0.0 writes per commit group, ingest: 0.00 MB, 0.00 MB/s
Interval WAL: 0 writes, 0 syncs, 0.00 writes per sync, written: 0.00 MB, 0.00 MB/s
Interval stall: 00:00:0.000 H:M:S, 0.0 percent

** Compaction Stats [default] **
Level    Files   Size     Score Read(GB)  Rn(GB) Rnp1(GB) Write(GB) Wnew(GB) Moved(GB) W-Amp Rd(MB/s) Wr(MB/s) Comp(sec) CompMergeCPU(sec) Comp(cnt) Avg(sec) KeyIn KeyDrop
----------------------------------------------------------------------------------------------------------------------------------------------------------------------------
 Sum      0/0    0.00 KB   0.0      0.0     0.0      0.0       0.0      0.0       0.0   0.0      0.0      0.0      0.00              0.00         0    0.000       0      0
 Int      0/0    0.00 KB   0.0      0.0     0.0      0.0       0.0      0.0       0.0   0.0      0.0      0.0      0.00              0.00         0    0.000       0      0

** Compaction Stats [default] **
Priority    Files   Size     Score Read(GB)  Rn(GB) Rnp1(GB) Write(GB) Wnew(GB) Moved(GB) W-Amp Rd(MB/s) Wr(MB/s) Comp(sec) CompMergeCPU(sec) Comp(cnt) Avg(sec) KeyIn KeyDrop
-------------------------------------------------------------------------------------------------------------------------------------------------------------------------------
Uptime(secs): 0.3 total, 0.3 interval
Flush(GB): cumulative 0.000, interval 0.000
AddFile(GB): cumulative 0.000, interval 0.000
AddFile(Total Files): cumulative 0, interval 0
AddFile(L0 Files): cumulative 0, interval 0
AddFile(Keys): cumulative 0, interval 0
Cumulative compaction: 0.00 GB write, 0.00 MB/s write, 0.00 GB read, 0.00 MB/s read, 0.0 seconds
Interval compaction: 0.00 GB write, 0.00 MB/s write, 0.00 GB read, 0.00 MB/s read, 0.0 seconds
Stalls(count): 0 level0_slowdown, 0 level0_slowdown_with_compaction, 0 level0_numfiles, 0 level0_numfiles_with_compaction, 0 stop for pending_compaction_bytes, 0 slowdown for pending_compaction_bytes, 0 memtable_compaction, 0 memtable_slowdown, interval 0 total count

** File Read Latency Histogram By Level [default] **

** Compaction Stats [default] **
Level    Files   Size     Score Read(GB)  Rn(GB) Rnp1(GB) Write(GB) Wnew(GB) Moved(GB) W-Amp Rd(MB/s) Wr(MB/s) Comp(sec) CompMergeCPU(sec) Comp(cnt) Avg(sec) KeyIn KeyDrop
----------------------------------------------------------------------------------------------------------------------------------------------------------------------------
 Sum      0/0    0.00 KB   0.0      0.0     0.0      0.0       0.0      0.0       0.0   0.0      0.0      0.0      0.00              0.00         0    0.000       0      0
 Int      0/0    0.00 KB   0.0      0.0     0.0      0.0       0.0      0.0       0.0   0.0      0.0      0.0      0.00              0.00         0    0.000       0      0

** Compaction Stats [default] **
Priority    Files   Size     Score Read(GB)  Rn(GB) Rnp1(GB) Write(GB) Wnew(GB) Moved(GB) W-Amp Rd(MB/s) Wr(MB/s) Comp(sec) CompMergeCPU(sec) Comp(cnt) Avg(sec) KeyIn KeyDrop
-------------------------------------------------------------------------------------------------------------------------------------------------------------------------------
Uptime(secs): 0.3 total, 0.0 interval
Flush(GB): cumulative 0.000, interval 0.000
AddFile(GB): cumulative 0.000, interval 0.000
AddFile(Total Files): cumulative 0, interval 0
AddFile(L0 Files): cumulative 0, interval 0
AddFile(Keys): cumulative 0, interval 0
Cumulative compaction: 0.00 GB write, 0.00 MB/s write, 0.00 GB read, 0.00 MB/s read, 0.0 seconds
Interval compaction: 0.00 GB write, 0.00 MB/s write, 0.00 GB read, 0.00 MB/s read, 0.0 seconds
Stalls(count): 0 level0_slowdown, 0 level0_slowdown_with_compaction, 0 level0_numfiles, 0 level0_numfiles_with_compaction, 0 stop for pending_compaction_bytes, 0 slowdown for pending_compaction_bytes, 0 memtable_compaction, 0 memtable_slowdown, interval 0 total count

** File Read Latency Histogram By Level [default] **
2021/08/17-14:44:02.455013 7fa9cedaecc0 [db/db_impl/db_impl.cc:438] Shutdown: canceling all background work
2021/08/17-14:44:02.460031 7fa9cedaecc0 [db/db_impl/db_impl.cc:614] Shutdown complete
