2021/08/09-14:53:23.419263 7f0c608b0cc0 RocksDB version: 6.12.7
2021/08/09-14:53:23.419977 7f0c608b0cc0 Git sha rocksdb_build_git_sha:@f3e33549c151f30ac4eb7c22356c6d0331f37652@
2021/08/09-14:53:23.419987 7f0c608b0cc0 Compile date May 27 2021
2021/08/09-14:53:23.420107 7f0c608b0cc0 DB SUMMARY
2021/08/09-14:53:23.420111 7f0c608b0cc0 DB Session ID:  2I5L4JO9ML9DS028GGYO
2021/08/09-14:53:23.423355 7f0c608b0cc0 CURRENT file:  CURRENT
2021/08/09-14:53:23.423362 7f0c608b0cc0 IDENTITY file:  IDENTITY
2021/08/09-14:53:23.424192 7f0c608b0cc0 MANIFEST file:  MANIFEST-000080 size: 59 Bytes
2021/08/09-14:53:23.424463 7f0c608b0cc0 SST files in /var/lib/memgraph/triggers dir, Total Num: 0, files: 
2021/08/09-14:53:23.424466 7f0c608b0cc0 Write Ahead Log file in /var/lib/memgraph/triggers: 000081.log size: 0 ; 
2021/08/09-14:53:23.424469 7f0c608b0cc0                         Options.error_if_exists: 0
2021/08/09-14:53:23.424470 7f0c608b0cc0                       Options.create_if_missing: 1
2021/08/09-14:53:23.424471 7f0c608b0cc0                         Options.paranoid_checks: 1
2021/08/09-14:53:23.424472 7f0c608b0cc0                                     Options.env: 0xdc80b8
2021/08/09-14:53:23.424871 7f0c608b0cc0                                      Options.fs: Posix File System
2021/08/09-14:53:23.424875 7f0c608b0cc0                                Options.info_log: 0x7f0c5e818b30
2021/08/09-14:53:23.424877 7f0c608b0cc0                Options.max_file_opening_threads: 16
2021/08/09-14:53:23.424878 7f0c608b0cc0                              Options.statistics: (nil)
2021/08/09-14:53:23.424879 7f0c608b0cc0                               Options.use_fsync: 0
2021/08/09-14:53:23.425151 7f0c608b0cc0                       Options.max_log_file_size: 0
2021/08/09-14:53:23.425155 7f0c608b0cc0                  Options.max_manifest_file_size: 1073741824
2021/08/09-14:53:23.425156 7f0c608b0cc0                   Options.log_file_time_to_roll: 0
2021/08/09-14:53:23.425157 7f0c608b0cc0                       Options.keep_log_file_num: 1000
2021/08/09-14:53:23.425158 7f0c608b0cc0                    Options.recycle_log_file_num: 0
2021/08/09-14:53:23.425418 7f0c608b0cc0                         Options.allow_fallocate: 1
2021/08/09-14:53:23.425421 7f0c608b0cc0                        Options.allow_mmap_reads: 0
2021/08/09-14:53:23.425422 7f0c608b0cc0                       Options.allow_mmap_writes: 0
2021/08/09-14:53:23.425423 7f0c608b0cc0                        Options.use_direct_reads: 0
2021/08/09-14:53:23.425424 7f0c608b0cc0                        Options.use_direct_io_for_flush_and_compaction: 0
2021/08/09-14:53:23.425425 7f0c608b0cc0          Options.create_missing_column_families: 0
2021/08/09-14:53:23.425689 7f0c608b0cc0                              Options.db_log_dir: 
2021/08/09-14:53:23.425692 7f0c608b0cc0                                 Options.wal_dir: /var/lib/memgraph/triggers
2021/08/09-14:53:23.425693 7f0c608b0cc0                Options.table_cache_numshardbits: 6
2021/08/09-14:53:23.425694 7f0c608b0cc0                         Options.WAL_ttl_seconds: 0
2021/08/09-14:53:23.425695 7f0c608b0cc0                       Options.WAL_size_limit_MB: 0
2021/08/09-14:53:23.425853 7f0c608b0cc0                        Options.max_write_batch_group_size_bytes: 1048576
2021/08/09-14:53:23.425858 7f0c608b0cc0             Options.manifest_preallocation_size: 4194304
2021/08/09-14:53:23.425860 7f0c608b0cc0                     Options.is_fd_close_on_exec: 1
2021/08/09-14:53:23.425861 7f0c608b0cc0                   Options.advise_random_on_open: 1
2021/08/09-14:53:23.425862 7f0c608b0cc0                    Options.db_write_buffer_size: 0
2021/08/09-14:53:23.426045 7f0c608b0cc0                    Options.write_buffer_manager: 0x7f0c5f9cfd30
2021/08/09-14:53:23.426048 7f0c608b0cc0         Options.access_hint_on_compaction_start: 1
2021/08/09-14:53:23.426049 7f0c608b0cc0  Options.new_table_reader_for_compaction_inputs: 0
2021/08/09-14:53:23.426050 7f0c608b0cc0           Options.random_access_max_buffer_size: 1048576
2021/08/09-14:53:23.426051 7f0c608b0cc0                      Options.use_adaptive_mutex: 0
2021/08/09-14:53:23.426052 7f0c608b0cc0                            Options.rate_limiter: (nil)
2021/08/09-14:53:23.426246 7f0c608b0cc0     Options.sst_file_manager.rate_bytes_per_sec: 0
2021/08/09-14:53:23.426249 7f0c608b0cc0                       Options.wal_recovery_mode: 2
2021/08/09-14:53:23.426250 7f0c608b0cc0                  Options.enable_thread_tracking: 0
2021/08/09-14:53:23.426251 7f0c608b0cc0                  Options.enable_pipelined_write: 0
2021/08/09-14:53:23.426252 7f0c608b0cc0                  Options.unordered_write: 0
2021/08/09-14:53:23.426420 7f0c608b0cc0         Options.allow_concurrent_memtable_write: 1
2021/08/09-14:53:23.426423 7f0c608b0cc0      Options.enable_write_thread_adaptive_yield: 1
2021/08/09-14:53:23.426424 7f0c608b0cc0             Options.write_thread_max_yield_usec: 100
2021/08/09-14:53:23.426425 7f0c608b0cc0            Options.write_thread_slow_yield_usec: 3
2021/08/09-14:53:23.426426 7f0c608b0cc0                               Options.row_cache: None
2021/08/09-14:53:23.426427 7f0c608b0cc0                              Options.wal_filter: None
2021/08/09-14:53:23.426594 7f0c608b0cc0             Options.avoid_flush_during_recovery: 0
2021/08/09-14:53:23.426597 7f0c608b0cc0             Options.allow_ingest_behind: 0
2021/08/09-14:53:23.426598 7f0c608b0cc0             Options.preserve_deletes: 0
2021/08/09-14:53:23.426599 7f0c608b0cc0             Options.two_write_queues: 0
2021/08/09-14:53:23.426600 7f0c608b0cc0             Options.manual_wal_flush: 0
2021/08/09-14:53:23.426601 7f0c608b0cc0             Options.atomic_flush: 0
2021/08/09-14:53:23.426766 7f0c608b0cc0             Options.avoid_unnecessary_blocking_io: 0
2021/08/09-14:53:23.426769 7f0c608b0cc0                 Options.persist_stats_to_disk: 0
2021/08/09-14:53:23.426770 7f0c608b0cc0                 Options.write_dbid_to_manifest: 0
2021/08/09-14:53:23.426771 7f0c608b0cc0                 Options.log_readahead_size: 0
2021/08/09-14:53:23.426772 7f0c608b0cc0                 Options.file_checksum_gen_factory: Unknown
2021/08/09-14:53:23.426773 7f0c608b0cc0                 Options.best_efforts_recovery: 0
2021/08/09-14:53:23.426939 7f0c608b0cc0                Options.max_bgerror_resume_count: 2147483647
2021/08/09-14:53:23.426943 7f0c608b0cc0            Options.bgerror_resume_retry_interval: 1000000
2021/08/09-14:53:23.426944 7f0c608b0cc0             Options.max_background_jobs: 2
2021/08/09-14:53:23.426944 7f0c608b0cc0             Options.max_background_compactions: -1
2021/08/09-14:53:23.426945 7f0c608b0cc0             Options.max_subcompactions: 1
2021/08/09-14:53:23.427110 7f0c608b0cc0             Options.avoid_flush_during_shutdown: 0
2021/08/09-14:53:23.427113 7f0c608b0cc0           Options.writable_file_max_buffer_size: 1048576
2021/08/09-14:53:23.427114 7f0c608b0cc0             Options.delayed_write_rate : 16777216
2021/08/09-14:53:23.427115 7f0c608b0cc0             Options.max_total_wal_size: 0
2021/08/09-14:53:23.427116 7f0c608b0cc0             Options.delete_obsolete_files_period_micros: 21600000000
2021/08/09-14:53:23.427117 7f0c608b0cc0                   Options.stats_dump_period_sec: 600
2021/08/09-14:53:23.427249 7f0c608b0cc0                 Options.stats_persist_period_sec: 600
2021/08/09-14:53:23.427252 7f0c608b0cc0                 Options.stats_history_buffer_size: 1048576
2021/08/09-14:53:23.427253 7f0c608b0cc0                          Options.max_open_files: -1
2021/08/09-14:53:23.427254 7f0c608b0cc0                          Options.bytes_per_sync: 0
2021/08/09-14:53:23.427255 7f0c608b0cc0                      Options.wal_bytes_per_sync: 0
2021/08/09-14:53:23.427390 7f0c608b0cc0                   Options.strict_bytes_per_sync: 0
2021/08/09-14:53:23.427393 7f0c608b0cc0       Options.compaction_readahead_size: 0
2021/08/09-14:53:23.427394 7f0c608b0cc0                  Options.max_background_flushes: -1
2021/08/09-14:53:23.427395 7f0c608b0cc0 Compression algorithms supported:
2021/08/09-14:53:23.427397 7f0c608b0cc0 	kZSTDNotFinalCompression supported: 0
2021/08/09-14:53:23.427398 7f0c608b0cc0 	kZSTD supported: 0
2021/08/09-14:53:23.427399 7f0c608b0cc0 	kXpressCompression supported: 0
2021/08/09-14:53:23.427550 7f0c608b0cc0 	kLZ4HCCompression supported: 0
2021/08/09-14:53:23.427553 7f0c608b0cc0 	kLZ4Compression supported: 0
2021/08/09-14:53:23.427554 7f0c608b0cc0 	kBZip2Compression supported: 0
2021/08/09-14:53:23.427555 7f0c608b0cc0 	kZlibCompression supported: 0
2021/08/09-14:53:23.427556 7f0c608b0cc0 	kSnappyCompression supported: 0
2021/08/09-14:53:23.427560 7f0c608b0cc0 Fast CRC32 supported: Supported on x86
2021/08/09-14:53:23.432418 7f0c608b0cc0 [db/version_set.cc:4560] Recovering from manifest file: /var/lib/memgraph/triggers/MANIFEST-000080
2021/08/09-14:53:23.433741 7f0c608b0cc0 [db/column_family.cc:580] --------------- Options for column family [default]:
2021/08/09-14:53:23.433745 7f0c608b0cc0               Options.comparator: leveldb.BytewiseComparator
2021/08/09-14:53:23.433746 7f0c608b0cc0           Options.merge_operator: None
2021/08/09-14:53:23.433748 7f0c608b0cc0        Options.compaction_filter: None
2021/08/09-14:53:23.433748 7f0c608b0cc0        Options.compaction_filter_factory: None
2021/08/09-14:53:23.433888 7f0c608b0cc0  Options.sst_partitioner_factory: None
2021/08/09-14:53:23.433891 7f0c608b0cc0         Options.memtable_factory: SkipListFactory
2021/08/09-14:53:23.433892 7f0c608b0cc0            Options.table_factory: BlockBasedTable
2021/08/09-14:53:23.433922 7f0c608b0cc0            table_factory options:   flush_block_policy_factory: FlushBlockBySizePolicyFactory (0x7f0c5e73a7c8)
  cache_index_and_filter_blocks: 0
  cache_index_and_filter_blocks_with_high_priority: 1
  pin_l0_filter_and_index_blocks_in_cache: 0
  pin_top_level_index_and_filter: 1
  index_type: 0
  data_block_index_type: 0
  index_shortening: 1
  data_block_hash_table_util_ratio: 0.750000
  hash_index_allow_collision: 1
  checksum: 1
  no_block_cache: 0
  block_cache: 0x7f0c5e745d90
  block_cache_name: LRUCache
  block_cache_options:
    capacity : 8388608
    num_shard_bits : 4
    strict_capacity_limit : 0
    memory_allocator : None
    high_pri_pool_ratio: 0.000
  block_cache_compressed: (nil)
  persistent_cache: (nil)
  block_size: 4096
  block_size_deviation: 10
  block_restart_interval: 16
  index_block_restart_interval: 1
  metadata_block_size: 4096
  partition_filters: 0
  use_delta_encoding: 1
  filter_policy: nullptr
  whole_key_filtering: 1
  verify_compression: 0
  read_amp_bytes_per_bit: 0
  format_version: 4
  enable_index_compression: 1
  block_align: 0
2021/08/09-14:53:23.434199 7f0c608b0cc0        Options.write_buffer_size: 67108864
2021/08/09-14:53:23.434202 7f0c608b0cc0  Options.max_write_buffer_number: 2
2021/08/09-14:53:23.434338 7f0c608b0cc0          Options.compression: NoCompression
2021/08/09-14:53:23.434341 7f0c608b0cc0                  Options.bottommost_compression: Disabled
2021/08/09-14:53:23.434343 7f0c608b0cc0       Options.prefix_extractor: nullptr
2021/08/09-14:53:23.434344 7f0c608b0cc0   Options.memtable_insert_with_hint_prefix_extractor: nullptr
2021/08/09-14:53:23.434344 7f0c608b0cc0             Options.num_levels: 7
2021/08/09-14:53:23.434345 7f0c608b0cc0        Options.min_write_buffer_number_to_merge: 1
2021/08/09-14:53:23.434482 7f0c608b0cc0     Options.max_write_buffer_number_to_maintain: 0
2021/08/09-14:53:23.434485 7f0c608b0cc0     Options.max_write_buffer_size_to_maintain: 0
2021/08/09-14:53:23.434486 7f0c608b0cc0            Options.bottommost_compression_opts.window_bits: -14
2021/08/09-14:53:23.434487 7f0c608b0cc0                  Options.bottommost_compression_opts.level: 32767
2021/08/09-14:53:23.434488 7f0c608b0cc0               Options.bottommost_compression_opts.strategy: 0
2021/08/09-14:53:23.434623 7f0c608b0cc0         Options.bottommost_compression_opts.max_dict_bytes: 0
2021/08/09-14:53:23.434626 7f0c608b0cc0         Options.bottommost_compression_opts.zstd_max_train_bytes: 0
2021/08/09-14:53:23.434627 7f0c608b0cc0         Options.bottommost_compression_opts.parallel_threads: 1
2021/08/09-14:53:23.434628 7f0c608b0cc0                  Options.bottommost_compression_opts.enabled: false
2021/08/09-14:53:23.434629 7f0c608b0cc0            Options.compression_opts.window_bits: -14
2021/08/09-14:53:23.434772 7f0c608b0cc0                  Options.compression_opts.level: 32767
2021/08/09-14:53:23.434775 7f0c608b0cc0               Options.compression_opts.strategy: 0
2021/08/09-14:53:23.434776 7f0c608b0cc0         Options.compression_opts.max_dict_bytes: 0
2021/08/09-14:53:23.434777 7f0c608b0cc0         Options.compression_opts.zstd_max_train_bytes: 0
2021/08/09-14:53:23.434778 7f0c608b0cc0         Options.compression_opts.parallel_threads: 1
2021/08/09-14:53:23.434919 7f0c608b0cc0                  Options.compression_opts.enabled: false
2021/08/09-14:53:23.434922 7f0c608b0cc0      Options.level0_file_num_compaction_trigger: 4
2021/08/09-14:53:23.434923 7f0c608b0cc0          Options.level0_slowdown_writes_trigger: 20
2021/08/09-14:53:23.434924 7f0c608b0cc0              Options.level0_stop_writes_trigger: 36
2021/08/09-14:53:23.434925 7f0c608b0cc0                   Options.target_file_size_base: 67108864
2021/08/09-14:53:23.434926 7f0c608b0cc0             Options.target_file_size_multiplier: 1
2021/08/09-14:53:23.435065 7f0c608b0cc0                Options.max_bytes_for_level_base: 268435456
2021/08/09-14:53:23.435068 7f0c608b0cc0 Options.level_compaction_dynamic_level_bytes: 0
2021/08/09-14:53:23.435069 7f0c608b0cc0          Options.max_bytes_for_level_multiplier: 10.000000
2021/08/09-14:53:23.435071 7f0c608b0cc0 Options.max_bytes_for_level_multiplier_addtl[0]: 1
2021/08/09-14:53:23.435072 7f0c608b0cc0 Options.max_bytes_for_level_multiplier_addtl[1]: 1
2021/08/09-14:53:23.435208 7f0c608b0cc0 Options.max_bytes_for_level_multiplier_addtl[2]: 1
2021/08/09-14:53:23.435211 7f0c608b0cc0 Options.max_bytes_for_level_multiplier_addtl[3]: 1
2021/08/09-14:53:23.435212 7f0c608b0cc0 Options.max_bytes_for_level_multiplier_addtl[4]: 1
2021/08/09-14:53:23.435213 7f0c608b0cc0 Options.max_bytes_for_level_multiplier_addtl[5]: 1
2021/08/09-14:53:23.435214 7f0c608b0cc0 Options.max_bytes_for_level_multiplier_addtl[6]: 1
2021/08/09-14:53:23.435215 7f0c608b0cc0       Options.max_sequential_skip_in_iterations: 8
2021/08/09-14:53:23.435352 7f0c608b0cc0                    Options.max_compaction_bytes: 1677721600
2021/08/09-14:53:23.435355 7f0c608b0cc0                        Options.arena_block_size: 8388608
2021/08/09-14:53:23.435356 7f0c608b0cc0   Options.soft_pending_compaction_bytes_limit: 68719476736
2021/08/09-14:53:23.435357 7f0c608b0cc0   Options.hard_pending_compaction_bytes_limit: 274877906944
2021/08/09-14:53:23.435358 7f0c608b0cc0       Options.rate_limit_delay_max_milliseconds: 100
2021/08/09-14:53:23.435493 7f0c608b0cc0                Options.disable_auto_compactions: 0
2021/08/09-14:53:23.435497 7f0c608b0cc0                        Options.compaction_style: kCompactionStyleLevel
2021/08/09-14:53:23.435498 7f0c608b0cc0                          Options.compaction_pri: kMinOverlappingRatio
2021/08/09-14:53:23.435499 7f0c608b0cc0 Options.compaction_options_universal.size_ratio: 1
2021/08/09-14:53:23.435500 7f0c608b0cc0 Options.compaction_options_universal.min_merge_width: 2
2021/08/09-14:53:23.435636 7f0c608b0cc0 Options.compaction_options_universal.max_merge_width: 4294967295
2021/08/09-14:53:23.435639 7f0c608b0cc0 Options.compaction_options_universal.max_size_amplification_percent: 200
2021/08/09-14:53:23.435640 7f0c608b0cc0 Options.compaction_options_universal.compression_size_percent: -1
2021/08/09-14:53:23.435641 7f0c608b0cc0 Options.compaction_options_universal.stop_style: kCompactionStopStyleTotalSize
2021/08/09-14:53:23.435642 7f0c608b0cc0 Options.compaction_options_fifo.max_table_files_size: 1073741824
2021/08/09-14:53:23.435777 7f0c608b0cc0 Options.compaction_options_fifo.allow_compaction: 0
2021/08/09-14:53:23.435784 7f0c608b0cc0                   Options.table_properties_collectors: 
2021/08/09-14:53:23.435785 7f0c608b0cc0                   Options.inplace_update_support: 0
2021/08/09-14:53:23.435786 7f0c608b0cc0                 Options.inplace_update_num_locks: 10000
2021/08/09-14:53:23.435787 7f0c608b0cc0               Options.memtable_prefix_bloom_size_ratio: 0.000000
2021/08/09-14:53:23.435982 7f0c608b0cc0               Options.memtable_whole_key_filtering: 0
2021/08/09-14:53:23.435986 7f0c608b0cc0   Options.memtable_huge_page_size: 0
2021/08/09-14:53:23.435987 7f0c608b0cc0                           Options.bloom_locality: 0
2021/08/09-14:53:23.435988 7f0c608b0cc0                    Options.max_successive_merges: 0
2021/08/09-14:53:23.435989 7f0c608b0cc0                Options.optimize_filters_for_hits: 0
2021/08/09-14:53:23.435990 7f0c608b0cc0                Options.paranoid_file_checks: 0
2021/08/09-14:53:23.436148 7f0c608b0cc0                Options.force_consistency_checks: 0
2021/08/09-14:53:23.436152 7f0c608b0cc0                Options.report_bg_io_stats: 0
2021/08/09-14:53:23.436153 7f0c608b0cc0                               Options.ttl: 2592000
2021/08/09-14:53:23.436154 7f0c608b0cc0          Options.periodic_compaction_seconds: 0
2021/08/09-14:53:23.438773 7f0c608b0cc0 [db/version_set.cc:4718] Recovered from manifest file:/var/lib/memgraph/triggers/MANIFEST-000080 succeeded,manifest_file_number is 80, next_file_number is 82, last_sequence is 0, log_number is 79,prev_log_number is 0,max_column_family is 0,min_log_number_to_keep is 0
2021/08/09-14:53:23.439013 7f0c608b0cc0 [db/version_set.cc:4727] Column family [default] (ID 0), log number is 79
2021/08/09-14:53:23.443557 7f0c608b0cc0 EVENT_LOG_v1 {"time_micros": 1628520803443553, "job": 1, "event": "recovery_started", "log_files": [81]}
2021/08/09-14:53:23.443564 7f0c608b0cc0 [db/db_impl/db_impl_open.cc:823] Recovering log #81 mode 2
2021/08/09-14:53:23.445135 7f0c608b0cc0 [db/version_set.cc:3950] Creating manifest 83
2021/08/09-14:53:23.480707 7f0c608b0cc0 EVENT_LOG_v1 {"time_micros": 1628520803480703, "job": 1, "event": "recovery_finished"}
2021/08/09-14:53:23.488668 7f0c608b0cc0 [file/delete_scheduler.cc:73] Deleted file /var/lib/memgraph/triggers/000081.log immediately, rate_bytes_per_sec 0, total_trash_size 0 max_trash_db_ratio 0.250000
2021/08/09-14:53:23.513034 7f0c608b0cc0 [db/db_impl/db_impl_open.cc:1639] SstFileManager instance 0x7f0c5e8a0380
2021/08/09-14:53:23.514901 7f0c608b0cc0 DB pointer 0x7f0c5e954800
2021/08/09-14:53:23.515392 7f0c53bf5700 [db/db_impl/db_impl.cc:899] ------- DUMPING STATS -------
2021/08/09-14:53:23.515412 7f0c53bf5700 [db/db_impl/db_impl.cc:900] 
** DB Stats **
Uptime(secs): 0.1 total, 0.1 interval
Cumulative writes: 0 writes, 0 keys, 0 commit groups, 0.0 writes per commit group, ingest: 0.00 GB, 0.00 MB/s
Cumulative WAL: 0 writes, 0 syncs, 0.00 writes per sync, written: 0.00 GB, 0.00 MB/s
Cumulative stall: 00:00:0.000 H:M:S, 0.0 percent
Interval writes: 0 writes, 0 keys, 0 commit groups, 0.0 writes per commit group, ingest: 0.00 MB, 0.00 MB/s
Interval WAL: 0 writes, 0 syncs, 0.00 writes per sync, written: 0.00 MB, 0.00 MB/s
Interval stall: 00:00:0.000 H:M:S, 0.0 percent

** Compaction Stats [default] **
Level    Files   Size     Score Read(GB)  Rn(GB) Rnp1(GB) Write(GB) Wnew(GB) Moved(GB) W-Amp Rd(MB/s) Wr(MB/s) Comp(sec) CompMergeCPU(sec) Comp(cnt) Avg(sec) KeyIn KeyDrop
----------------------------------------------------------------------------------------------------------------------------------------------------------------------------
 Sum      0/0    0.00 KB   0.0      0.0     0.0      0.0       0.0      0.0       0.0   0.0      0.0      0.0      0.00              0.00         0    0.000       0      0
 Int      0/0    0.00 KB   0.0      0.0     0.0      0.0       0.0      0.0       0.0   0.0      0.0      0.0      0.00              0.00         0    0.000       0      0

** Compaction Stats [default] **
Priority    Files   Size     Score Read(GB)  Rn(GB) Rnp1(GB) Write(GB) Wnew(GB) Moved(GB) W-Amp Rd(MB/s) Wr(MB/s) Comp(sec) CompMergeCPU(sec) Comp(cnt) Avg(sec) KeyIn KeyDrop
-------------------------------------------------------------------------------------------------------------------------------------------------------------------------------
Uptime(secs): 0.1 total, 0.1 interval
Flush(GB): cumulative 0.000, interval 0.000
AddFile(GB): cumulative 0.000, interval 0.000
AddFile(Total Files): cumulative 0, interval 0
AddFile(L0 Files): cumulative 0, interval 0
AddFile(Keys): cumulative 0, interval 0
Cumulative compaction: 0.00 GB write, 0.00 MB/s write, 0.00 GB read, 0.00 MB/s read, 0.0 seconds
Interval compaction: 0.00 GB write, 0.00 MB/s write, 0.00 GB read, 0.00 MB/s read, 0.0 seconds
Stalls(count): 0 level0_slowdown, 0 level0_slowdown_with_compaction, 0 level0_numfiles, 0 level0_numfiles_with_compaction, 0 stop for pending_compaction_bytes, 0 slowdown for pending_compaction_bytes, 0 memtable_compaction, 0 memtable_slowdown, interval 0 total count

** File Read Latency Histogram By Level [default] **

** Compaction Stats [default] **
Level    Files   Size     Score Read(GB)  Rn(GB) Rnp1(GB) Write(GB) Wnew(GB) Moved(GB) W-Amp Rd(MB/s) Wr(MB/s) Comp(sec) CompMergeCPU(sec) Comp(cnt) Avg(sec) KeyIn KeyDrop
----------------------------------------------------------------------------------------------------------------------------------------------------------------------------
 Sum      0/0    0.00 KB   0.0      0.0     0.0      0.0       0.0      0.0       0.0   0.0      0.0      0.0      0.00              0.00         0    0.000       0      0
 Int      0/0    0.00 KB   0.0      0.0     0.0      0.0       0.0      0.0       0.0   0.0      0.0      0.0      0.00              0.00         0    0.000       0      0

** Compaction Stats [default] **
Priority    Files   Size     Score Read(GB)  Rn(GB) Rnp1(GB) Write(GB) Wnew(GB) Moved(GB) W-Amp Rd(MB/s) Wr(MB/s) Comp(sec) CompMergeCPU(sec) Comp(cnt) Avg(sec) KeyIn KeyDrop
-------------------------------------------------------------------------------------------------------------------------------------------------------------------------------
Uptime(secs): 0.1 total, 0.0 interval
Flush(GB): cumulative 0.000, interval 0.000
AddFile(GB): cumulative 0.000, interval 0.000
AddFile(Total Files): cumulative 0, interval 0
AddFile(L0 Files): cumulative 0, interval 0
AddFile(Keys): cumulative 0, interval 0
Cumulative compaction: 0.00 GB write, 0.00 MB/s write, 0.00 GB read, 0.00 MB/s read, 0.0 seconds
Interval compaction: 0.00 GB write, 0.00 MB/s write, 0.00 GB read, 0.00 MB/s read, 0.0 seconds
Stalls(count): 0 level0_slowdown, 0 level0_slowdown_with_compaction, 0 level0_numfiles, 0 level0_numfiles_with_compaction, 0 stop for pending_compaction_bytes, 0 slowdown for pending_compaction_bytes, 0 memtable_compaction, 0 memtable_slowdown, interval 0 total count

** File Read Latency Histogram By Level [default] **
2021/08/09-14:53:50.418045 7f0c608b0cc0 [db/db_impl/db_impl.cc:438] Shutdown: canceling all background work
2021/08/09-14:53:50.422377 7f0c608b0cc0 [db/db_impl/db_impl.cc:614] Shutdown complete
